 149180010
 149180020
 149180030
 149180040
 149180050
 149180060
 149180070
 149180080
 149180090
 149180100
 149180110
 149180120
 149180130
 149180140
 149180150
 149180160
 149180170
 149180180
 149180190
 149180200
 149180210
 149180220
 149180230
 149180240
 149180250
 149180300
 149189998
 149189999
 149190010
 149190020
 149190030
 149190040
 149190050
 149190060
 149190070
 149190080
 149190090
 149190100
 149190110
 149190120
 149190130
 149190140
 149190150
 149190160
 149190170
 149190180
 149190190
 149190200
 149190210
 149190220
 149190230
 149190240
 149190250
 149190260
 149190270
 149190280
 149190290
 149190300
 149190310
 149190320
 149190330
 149190340
 149190350
 149190360
 149190370
 149190380
 149190390
 149199984
 149199985
 149199986
 149199987
 149199988
 149199989
 149199990
 149199991
 149199992
 149199993
 149199994
 149199995
 149199996
 149199997
 149199998
 149199999
 149200010
 149200020
 149200030
 149200040
 149200050
 149200060
 149200070
 149200080
 149200090
 149200100
 149200110
 149200120
 149200130
 149200140
 149200150
 149200160
 149200170
 149200180
 149200190
 149200200
 149200210
 149200220
 149200230
 149200240
 149200250
 149200260
 149200270
 149200280
 149200290
 149200300
 149200310
 149200320
 149200330
 149209980
 149209981
 149209982
 149209983
 149209984
 149209985
 149209986
 149209987
 149209988
 149209989
 149209990
 149209991
 149209992
 149209993
 149209994
 149209995
 149209996
 149209997
 149209998
 149209999
 149210010
 149210020
 149210030
 149210040
 149210050
 149210060
 149210070
 149210080
 149210090
 149210100
 149210110
 149210120
 149210130
 149210140
 149210150
 149210160
 149210170
 149219993
 149219995
 149219996
 149219997
 149219998
 149219999
 149220010
 149220020
 149220030
 149220040
 149220050
 149220060
 149220070
 149220080
 149220090
 149220100
 149220110
 149220120
 149220130
 149220140
 149220150
 149220160
 149220170
 149220180
 149220190
 149220200
 149220210
 149229993
 149229994
 149229995
 149229996
 149229997
 149229998
 149229999
 149230020
 150140010
 150140020
 150140030
 150140100
 150150010
 150150020
 150150030
 150150040
 150150050
 150150060
 150150070
 150150080
 150150090
 150150100
 150150110
 150150120
 150150130
 150150190
 150150200
 150159996
 150159997
 150159998
 150159999
 150160010
 150160020
 150160030
 150160040
 150160050
 150160060
 150160070
 150160080
 150160090
 150160100
 150160110
 150160120
 150160130
 150160140
 150160150
 150160160
 150160170
 150160180
 150160190
 150160200
 150160210
 150160220
 150160230
 150160240
 150160250
 150160260
 150160270
 150160280
 150160290
 150169991
 150169992
 150169994
 150169995
 150169996
 150169997
 150169998
 150169999
 150170010
 150170030
 150170040
 150170050
 150170060
 150170070
 150170080
 150170090
 150170100
 150170110
 150170120
 150170130
 150170140
 150170150
 150170160
 150170170
 150170180
 150170200
 150170210
 150170220
 150170230
 150170240
 150170290
 150179995
 150179996
 150179997
 150179998
 150179999
 150180010
 150180020
 150180030
 150180040
 150180050
 150180060
 150180070
 150180080
 150180090
 150180100
 150180110
 150180120
 150180130
 150180140
 150180150
 150180160
 150180170
 150180180
 150180190
 150180200
 150180210
 150180220
 150180230
 150180240
 150180250
 150180260
 150180270
 150180280
 150189989
 150189991
 150189992
 150189993
 150189995
 150189996
 150189997
 150189998
 150189999
 150190010
 150190020
 150190030
 150190040
 150190050
 150190060
 150190070
 150190080
 150190090
 150190100
 150190110
 150190120
 150190130
 150190140
 150190150
 150190160
 150190170
 150190180
 150190190
 150190200
 150190210
 150190220
 150190230
 150190240
 150190250
 150190260
 150190270
 150190280
 150190290
 150190300
 150190310
 150190320
 150190330
 150190340
 150190350
 150190360
 150199984
 150199985
 150199986
 150199987
 150199988
 150199989
 150199990
 150199991
 150199992
 150199993
 150199994
 150199995
 150199996
 150199997
 150199998
 150199999
 150200010
 150200020
 150200030
 150200040
 150200050
 150200060
 150200070
 150200080
 150200090
 150200100
 150200110
 150200120
 150200130
 150200140
 150200150
 150200160
 150200170
 150209988
 150209989
 150209990
 150209991
 150209992
 150209993
 150209994
 150209995
 150209996
 150209997
 150209999
 150210010
 150210020
 150210030
 150210040
 150210050
 150210060
 150210070
 150210080
 150210090
 150210100
 150210110
 150210120
 150210130
 150210140
 150210150
 150210160
 150210170
 150210180
 150210190
 150210200
 150210210
 150210220
 150219988
 150219989
 150219990
 150219991
 150219992
 150219993
 150219994
 150219995
 150219996
 150219997
 150219998
 150219999
 150220010
 150220020
 150220030
 150220040
 150220050
 150220060
 150220070
 150220080
 150220090
 150220100
 150220110
 150220120
 150220130
 150220140
 150220150
 150220160
 150220170
 150229989
 150229991
 150229992
 150229993
 150229994
 150229995
 150229996
 150229997
 150229998
 150229999
 150230010
 150230020
 150230030
 150230040
 150230050
 150230060
 150230070
 150230080
 150239997
 150239998
 150239999
 150240010
 150240020
 151140010
 151140020
 151140030
 151140040
 151140050
 151140060
 151149999
 151150010
 151150020
 151150030
 151150040
 151150050
 151150060
 151150070
 151150080
 151150090
 151150100
 151150110
 151150120
 151150130
 151150140
 151150150
 151150160
 151150170
 151150180
 151150190
 151159996
 151159997
 151159998
 151159999
 151160010
 151160020
 151160030
 151160040
 151160050
 151160060
 151160070
 151160080
 151160090
 151160100
 151160110
 151160120
 151160130
 151160140
 151160150
 151160160
 151160170
 151160180
 151160190
 151160200
 151160210
 151160220
 151160230
 151160250
 151160260
 151169995
 151169996
 151169997
 151169998
 151169999
 151170010
 151170020
 151170030
 151170040
 151170050
 151170060
 151170070
 151170080
 151170090
 151170100
 151170110
 151179992
 151179993
 151179994
 151179995
 151179996
 151179997
 151179998
 151179999
 151180010
 151180020
 151180030
 151180040
 151180050
 151180060
 151180070
 151180080
 151180090
 151180100
 151180110
 151180120
 151180130
 151180140
 151180150
 151180160
 151180170
 151180180
 151189991
 151189992
 151189993
 151189994
 151189995
 151189996
 151189997
 151189998
 151189999
 151190010
 151190020
 151190030
 151190040
 151190050
 151190060
 151190070
 151190080
 151190090
 151190100
 151190110
 151190120
 151199997
 151199998
 151199999
 151200010
 151200020
 151200030
 151200040
 151200050
 151200060
 151200070
 151200080
 151200090
 151200100
 151200110
 151200120
 151209996
 151209997
 151209998
 151209999
 151210010
 151210020
 151210030
 151210040
 151210050
 151210060
 151210070
 151210080
 151210090
 151210100
 151210110
 151210120
 151210130
 151210170
 151210190
 151210210
 151219996
 151219997
 151219998
 151219999
 151220010
 151220030
 151220040
 151220050
 151220060
 151220070
 151220080
 151220090
 151220100
 151220110
 151220120
 151220130
 151220140
 151229994
 151229995
 151229996
 151229997
 151229998
 151229999
 151230010
 151230020
 151230030
 151230040
 151230050
 151230060
 151230080
 151239992
 151239993
 151239994
 151239995
 151239996
 151239997
 151239998
 151239999
 152140010
 152140020
 152140030
 152140040
 152140050
 152140060
 152140070
 152140080
 152140090
 152140100
 152140110
 152140120
 152140130
 152140270
 152140280
 152150010
 152150020
 152150030
 152150040
 152150050
 152150060
 152150070
 152150080
 152150090
 152150100
 152150110
 152150120
 152150130
 152150140
 152150150
 152150160
 152150170
 152150180
 152150190
 152150200
 152150210
 152150220
 152150230
 152150240
 152150260
 152150270
 152150280
 152159996
 152159997
 152159998
 152159999
 152160010
 152160020
 152160030
 152160040
 152160050
 152160060
 152160070
 152160080
 152160090
 152160100
 152160110
 152160120
 152160130
 152160140
 152160150
 152160170
 152160180
 152169998
 152169999
 152170010
 152170020
 152170030
 152170040
 152170050
 152170060
 152170070
 152170080
 152170090
 152170100
 152170110
 152170120
 152170130
 152170140
 152170150
 152170160
 152170170
 152170180
 152170190
 152179990
 152179991
 152179992
 152179993
 152179994
 152179995
 152179996
 152179997
 152179998
 152179999
 152180010
 152180020
 152180030
 152180050
 152180060
 152180070
 152180080
 152180090
 152180100
 152180110
 152180120
 152180130
 152180140
 152180150
 152180160
 152189991
 152189992
 152189993
 152189994
 152189995
 152189996
 152189997
 152189998
 152189999
 152190010
 152190020
 152190030
 152190040
 152190050
 152190060
 152190070
 152190080
 152190090
 152190100
 152190110
 152190120
 152190130
 152190140
 152190150
 152199992
 152199993
 152199994
 152199995
 152199996
 152199997
 152199998
 152199999
 152200010
 152200020
 152200030
 152200040
 152200050
 152200060
 152200070
 152200080
 152200090
 152200100
 152200110
 152200120
 152200130
 152200140
 152200150
 152209992
 152209993
 152209994
 152209995
 152209996
 152209997
 152209998
 152210010
 152210020
 152210030
 152210040
 152210050
 152210060
 152210070
 152210080
 152210090
 152210100
 152210110
 152210120
 152210130
 152210140
 152210150
 152210160
 152219993
 152219994
 152219995
 152219996
 152219997
 152219998
 152219999
 152220010
 152220020
 152220030
 152220040
 152220050
 152220060
 152220070
 152220080
 152220090
 152229996
 152229997
 152229998
 152229999
 152230010
 152230020
 152230030
 152230040
 152230050
 152230060
 152230070
 152230080
 152230090
 152230100
 152230110
 152230120
 152230130
 152230190
 152230200
 152239999
 153140020
 153140030
 153140050
 153140060
 153140080
 153140090
 153140100
 153140110
 153140190
 153149998
 153149999
 153150010
 153150020
 153150030
 153150040
 153150050
 153150060
 153150070
 153150080
 153150090
 153150100
 153150110
 153150120
 153150130
 153150140
 153150150
 153150160
 153150170
 153150180
 153159997
 153159998
 153159999
 153160010
 153160020
 153160030
 153160040
 153160050
 153160060
 153160070
 153160080
 153160090
 153160100
 153160110
 153160120
 153160130
 153160140
 153160150
 153160160
 153160170
 153160180
 153160190
 153160200
 153160210
 153160220
 153160230
 153160240
 153160250
 153160260
 153160270
 153160280
 153160290
 153169992
 153169993
 153169994
 153169995
 153169996
 153169997
 153169998
 153169999
 153170010
 153170020
 153170030
 153170040
 153170050
 153170060
 153170070
 153170080
 153170090
 153170100
 153170110
 153170120
 153170130
 153170140
 153170150
 153170160
 153179989
 153179990
 153179991
 153179992
 153179993
 153179994
 153179995
 153179996
 153179997
 153179998
 153179999
 153180010
 153180020
 153180030
 153180040
 153180050
 153180060
 153180070
 153180080
 153180090
 153180100
 153180110
 153180130
 153180140
 153180150
 153189993
 153189994
 153189995
 153189996
 153189997
 153189998
 153189999
 153190010
 153190020
 153190030
 153190040
 153190050
 153190060
 153190070
 153190080
 153190090
 153190100
 153190110
 153190120
 153190130
 153190140
 153190150
 153190160
 153190170
 153190180
 153190190
 153199995
 153199996
 153199997
 153199998
 153199999
 153200010
 153200020
 153200030
 153200040
 153200050
 153200060
 153200070
 153200080
 153200090
 153200100
 153200110
 153200120
 153200130
 153200140
 153200150
 153200160
 153200170
 153200180
 153200190
 153200200
 153209992
 153209993
 153209994
 153209995
 153209996
 153209997
 153209998
 153209999
 153210010
 153210020
 153210030
 153210040
 153210050
 153210060
 153210070
 153210080
 153210090
 153210100
 153210110
 153210120
 153210130
 153210140
 153210150
 153210160
 153210170
 153210180
 153210190
 153210200
 153210210
 153210220
 153210230
 153210240
 153210250
 153210260
 153219988
 153219989
 153219990
 153219991
 153219992
 153219993
 153219994
 153219995
 153219996
 153219997
 153219998
 153219999
 153220010
 153220020
 153220030
 153220040
 153220050
 153220060
 153220070
 153220080
 153220090
 153220100
 153220110
 153220120
 153220130
 153220140
 153220150
 153220160
 153220170
 153220180
 153220190
 153220200
 153220210
 153220220
 153220230
 153220240
 153220250
 153220260
 153220270
 153220280
 153220290
 153220300
 153220310
 153220320
 153229994
 153229995
 153229996
 153229997
 153229998
 153229999
 153230010
 153230020
 153230030
 153230040
 153230050
 153230060
 153230070
 153230080
 153230090
 153230100
 153230110
 153230120
 153230130
 153230140
 153230150
 153230160
 153230170
 153239997
 153239998
 153239999
 154150010
 154150020
 154150040
 154150050
 154159997
 154159998
 154159999
 154160010
 154160020
 154160030
 154160040
 154160050
 154160060
 154160070
 154160080
 154160090
 154160100
 154160120
 154160130
 154160140
 154169994
 154169995
 154169996
 154169997
 154169998
 154169999
 154170010
 154170020
 154170030
 154170040
 154170050
 154170060
 154170070
 154170080
 154170090
 154170110
 154170120
 154170130
 154170140
 154170150
 154170160
 154170170
 154170180
 154170190
 154170210
 154170220
 154170230
 154170240
 154179991
 154179992
 154179993
 154179994
 154179995
 154179996
 154179997
 154179998
 154179999
 154180010
 154180020
 154180030
 154180040
 154180050
 154180060
 154180070
 154180080
 154180110
 154180130
 154180150
 154180160
 154180170
 154180180
 154180190
 154180200
 154180210
 154180220
 154180230
 154180260
 154180270
 154189991
 154189992
 154189993
 154189994
 154189995
 154189996
 154189997
 154189998
 154189999
 154190010
 154190020
 154190040
 154190060
 154190080
 154190100
 154190110
 154190120
 154190140
 154190150
 154190160
 154190170
 154200010
 154200020
 154200030
 154200040
 154209996
 154209997
 154209998
 154209999
 154210010
 154210020
 154210030
 154210040
 154210050
 154210060
 154210070
 154210080
 154210090
 154210100
 154219994
 154219995
 154219996
 154219997
 154219998
 154219999
 154220010
 154220020
 154220030
 154220040
 154220050
 154220060
 154220070
 154220080
 154220090
 154220100
 154220110
 154229994
 154229995
 154229996
 154229997
 154229998
 154229999
 154230010
 154230020
 154230030
 154230040
 154239999
